[[[  5   0   0]
  [  3   2   0]
  [  3   3   3]
  ..., 
  [  3   0   0]
  [  3   0   0]
  [  3   0   0]]

 [[ 11   6   3]
  [  3   0   0]
  [  2   2   0]
  ..., 
  [  8   2   2]
  [ 20  14  14]
  [  4   0   0]]

 [[ 96  86  84]
  [100  95  92]
  [128 127 123]
  ..., 
  [119 111 109]
  [ 92  83  84]
  [ 83  74  75]]

 ..., 
 [[ 52  46  48]
  [ 60  54  56]
  [ 63  54  57]
  ..., 
  [ 23  19  20]
  [ 23  19  20]
  [ 25  21  22]]

 [[  1   0   0]
  [  4   2   3]
  [  4   3   1]
  ..., 
  [  1   0   0]
  [  1   0   0]
  [  1   0   0]]

 [[  0   1   0]
  [  0   1   0]
  [  0   0   0]
  ..., 
  [  2   2   2]
  [  2   2   2]
  [  1   1   1]]]